378383866 -1223130669
378383922 -1223130603
378383977 -1223130531
378384031 -1223130455
378384083 -1223130376
378384145 -1223130285
378384208 -1223130193
378384282 -1223130107
378384352 -1223130021
378384420 -1223129938
378384481 -1223129866
378384538 -1223129794
378384596 -1223129723
378384654 -1223129655
378384707 -1223129584
378384761 -1223129511
378384810 -1223129437
378384855 -1223129361
378384891 -1223129284
378384927 -1223129206
378384972 -1223129131
378385017 -1223129055
378385033 -1223129013
378385076 -1223128972
378385106 -1223128958
378385144 -1223128932
378385180 -1223128908
378385182 -1223128908
378385185 -1223128908
378385178 -1223128932
378385195 -1223128939
378385190 -1223128922
378385178 -1223128898
378385140 -1223128876
378385098 -1223128861
378385074 -1223128857
378385040 -1223128856
378385040 -1223128844
378385173 -1223128851
378385173 -1223128862
378385228 -1223128870
378385274 -1223128882
378385331 -1223128910
378385386 -1223128963
378385451 -1223129005
378385524 -1223129037
378385588 -1223129039
378385639 -1223129017
378385691 -1223129016
378385755 -1223129023
378385766 -1223129028
378385763 -1223129040
378385755 -1223129067
378385729 -1223129070
378385703 -1223129061
378385673 -1223129049
378385672 -1223129036
378385680 -1223129047
378385656 -1223129070
378385657 -1223129069
378385678 -1223129040
378385689 -1223129024
378385680 -1223129030
378385662 -1223129039
378385667 -1223129020
378385711 -1223129006
378385791 -1223129036
378385811 -1223129059
378385835 -1223129091
378385877 -1223129132
378385934 -1223129171
378385994 -1223129206
378386056 -1223129250
378386111 -1223129305
378386148 -1223129363
378386186 -1223129426
378386236 -1223129457
378386212 -1223129473
378386168 -1223129476
378386128 -1223129482
378386087 -1223129488
378386061 -1223129542
378386023 -1223129537
378385976 -1223129532
378385935 -1223129538
378385904 -1223129535
378385852 -1223129538
378385825 -1223129522
378385770 -1223129549
378385717 -1223129577
378385623 -1223129603
378385572 -1223129633
378385517 -1223129665
378385466 -1223129697
378385417 -1223129716
378385376 -1223129730
378385343 -1223129744
378385304 -1223129758
378385267 -1223129781
378385226 -1223129805
