0.0, 0.022263898158654715
3.5887520937018116, 1.124326857012063
5.679106718881361, 2.649403880879911
8.259677279235811, 3.595619552622736
10.294534354429812, 5.187488270966549
12.85660507462828, 6.178231739026684
14.854463298507666, 7.792364355529149
17.481278438989015, 8.616128587399375
20.089594624530328, 9.473288666507582
22.189193933385294, 10.987233741296102
24.779010347116763, 11.844393820404308
26.68437221098858, 13.35833889519283
27.942280098641376, 14.504929650363547
28.534237699157302, 14.727568631950094
28.99670457648608, 14.894547868140004
29.63490869162104, 15.150582696964534
