182.1545
191.1271
201.1519
211.5635
222.3461
233.5217
245.0753
257.0256
269.3535
282.079
295.1865
309.0577
323.3219
337.9874
353.3937
9.2196
25.6037
19.0208
7.8499
356.9876
346.71
1.3923
17.4438
11.3158
0.5384
350.0643
340.1724
354.8979
11.1251
27.5307
20.9529
9.7862
358.9303
348.6627
3.3483
19.3977
12.7829
1.9803
351.1518
341.2389
355.9731
12.2074
28.6243
21.5724
10.3806
359.5291
349.2545
3.9285
19.9904
13.3987
2.6018
351.7848
341.5149
356.1953
12.4433
28.8588
21.8177
10.6373
359.7987
349.5206
